5.000000 10.000000 -5.000000
10.000000 -10.000000 -10.000000
5.000000 10.000000 5.000000
10.000000 -10.000000 10.000000
-5.000000 10.000000 -5.000000
-10.000000 -10.000000 -10.000000
-5.000000 10.000000 5.000000
-10.000000 -10.000000 10.000000
5.000000 3.33 -5.000000
5.000000 -3.33 -5.000000
-5.000000 -3.33 5.000000
-5.000000 3.33 5.000000
5.000000 3.33 5.000000
5.000000 -3.33 5.000000
-5.000000 3.33 -5.000000
-5.000000 -3.33 -5.000000
10.000000 10.000000 10.000000
-10.000000 10.000000 10.000000
-10.000000 10.000000 -10.000000
10.000000 10.000000 -10.000000
5.000000 7.000000 -5.000000
5.000000 7.000000 5.000000
-5.000000 7.000000 -5.000000
-5.000000 7.000000 5.000000
